       0/9     1.79G   0.08248   0.07096   0.01271    0.1661         2       640    0.4696    0.7613    0.5873    0.2484   0.05671   0.07092  0.004524
       1/9     4.56G   0.06101   0.06808   0.00359    0.1327        27       640    0.8197     0.777    0.7461    0.3681   0.04802    0.0697   0.00336
       2/9     4.56G   0.05513   0.06636  0.002766    0.1243        10       640    0.6963    0.7894    0.6767     0.302   0.04928   0.07088  0.003486
       3/9     4.56G   0.05003   0.06498   0.00235    0.1174        38       640    0.8664    0.8286    0.8091    0.4608   0.04225   0.06793  0.002533
       4/9     4.57G   0.04794   0.06381  0.002057    0.1138         4       640     0.895    0.8572     0.841    0.4976   0.03973   0.06714  0.002402
       5/9     4.57G   0.04468   0.06261  0.001612    0.1089         4       640    0.8716     0.868    0.8526    0.5088   0.03932   0.06675  0.002605
       6/9     4.57G   0.04316   0.06159  0.001344    0.1061         1       640    0.8921    0.8808    0.8661    0.5225   0.03812   0.06577  0.002301
       7/9     4.57G   0.04217   0.06156  0.001134    0.1049        19       640    0.8968    0.8804    0.8698    0.5299   0.03769   0.06541  0.001941
       8/9     4.57G     0.041   0.06008  0.001034    0.1021        11       640    0.8995    0.8845    0.8704    0.5427   0.03718   0.06488  0.002345
       9/9     4.57G   0.04069   0.06019  0.001021    0.1019         3       640    0.9019    0.8901    0.8756     0.546   0.03697   0.06476  0.002209
